1000
0.131538 0.45865 0.218959 0.678865 0.934693 0.519416 
0.0345721 0.5297 0.00769819 0.0668422 0.686773 0.930436 
0.526929 0.653919 0.701191 0.762198 0.0474645 0.328234 
0.75641 0.365339 0.98255 0.753356 0.0726859 0.884707 
0.436411 0.477732 0.274907 0.166507 0.897656 0.0605643 
0.504523 0.319033 0.493977 0.0907329 0.0737491 0.384142 
0.913817 0.464446 0.050084 0.770205 0.125365 0.688455 
0.629543 0.725412 0.888572 0.306322 0.513274 0.845982 
0.841511 0.415395 0.467917 0.178328 0.571655 0.0330538 
0.49848 0.748293 0.890737 0.84204 0.212752 0.130427 
0.274588 0.414293 0.70982 0.239911 0.31754 0.652059 
0.681346 0.387725 0.147533 0.845576 0.955409 0.148152 
0.408767 0.564899 0.488515 0.961095 0.199757 0.629269 
0.651254 0.803073 0.476432 0.20325 0.901673 0.142021 
0.410313 0.885648 0.162199 0.365339 0.135109 0.455307 
0.4523 0.931674 0.215248 0.908922 0.86086 0.505956 
0.817562 0.462245 0.632739 0.824697 0.702207 0.954415 
0.289316 0.514435 0.414028 0.876566 0.729748 0.715642 
0.706535 0.0190924 0.524987 0.0651939 0.488943 0.682049 
0.916634 0.890019 0.139195 0.989362 0.446023 0.514659 
0.439726 0.80665 0.211519 0.153604 0.61635 0.000878999 
0.727335 0.417724 0.680562 0.83642 0.828708 0.0817376 
0.629572 0.213547 0.388823 0.947545 0.269215 0.284035 
0.783865 0.282156 0.0113162 0.983236 0.819726 0.398144 
0.17688 0.157731 0.257169 0.101637 0.634717 0.79477 
0.75294 0.63343 0.598217 0.318778 0.117437 0.526123 
0.587989 0.702989 0.161688 0.860226 0.556836 0.316007 
0.528548 0.588119 0.430848 0.370226 0.446866 0.387831 
0.0782632 0.253922 0.676237 0.728608 0.944753 0.940163 
0.460434 0.661355 0.60564 0.150394 0.343818 0.522808 
0.0149506 0.642979 0.917848 0.970087 0.843975 0.455752 
0.0220837 0.70695 0.436638 0.75171 0.695679 0.753863 
0.00425392 0.0799169 0.903301 0.746679 0.00634169 0.518478 
0.544023 0.215826 0.626861 0.70932 0.280289 0.37191 
0.310169 0.103797 0.77588 0.0552788 0.160274 0.297022 
0.477804 0.519988 0.150312 0.833682 0.577776 0.331175 
0.986883 0.00165742 0.0293555 0.489652 0.738959 0.536267 
0.122507 0.188276 0.614125 0.125933 0.954028 0.838102 
0.259014 0.424336 0.897914 0.760617 0.451851 0.665503 
0.209562 0.546975 0.175974 0.431908 0.687414 0.836207 
0.973346 0.0803531 0.769437 0.250155 0.769114 0.749252 
0.681666 0.0363676 0.221667 0.652622 0.371466 0.233691 
0.165928 0.159758 0.661994 0.949157 0.621046 0.0179445 
0.721872 0.0536944 0.519175 0.0653563 0.97718 0.329056 
0.743274 0.171379 0.939725 0.254957 0.123849 0.160083 
0.105185 0.368562 0.327228 0.576776 0.758246 0.699791 
0.935242 0.362084 0.455072 0.24044 0.421579 0.289766 
0.216386 0.527439 0.863643 0.711564 0.382822 0.459763 
0.795353 0.00322878 0.664689 0.186825 0.134039 0.946045 
0.606001 0.347492 0.509658 0.834338 0.329434 0.631763 
0.0414204 0.767065 0.519303 0.220516 0.0889927 0.706461 
0.261779 0.378366 0.232608 0.469498 0.977238 0.0342431 
0.0316388 0.591588 0.329579 0.536528 0.403581 0.96691 
0.867514 0.14839 0.639523 0.931915 0.815407 0.572807 
0.94525 0.155414 0.343613 0.0965383 0.022405 0.856876 
0.674525 0.69846 0.191984 0.345872 0.14071 0.221656 
0.586016 0.0263397 0.762344 0.0773243 0.925503 0.430446 
0.831256 0.601638 0.519337 0.161419 0.57436 0.531427 
0.667049 0.548736 0.667965 0.571583 0.441313 0.502275 
0.0316565 0.522063 0.0350595 0.107181 0.551829 0.611111 
0.77203 0.486681 0.696996 0.48685 0.71045 0.276647 
0.280104 0.53049 0.235403 0.597476 0.920252 0.821177 
0.23027 0.899521 0.651515 0.935936 0.858766 0.952431 
0.12295 0.702471 0.107739 0.0998656 0.344576 0.757621 
0.330758 0.573183 0.202482 0.974348 0.491841 0.804912 
0.15958 0.149251 0.380608 0.424134 0.651295 0.0601425 
0.897657 0.901218 0.170796 0.0314038 0.522215 0.277198 
0.586862 0.811895 0.939871 0.579863 0.880784 0.189549 
0.718919 0.072869 0.87906 0.0898531 0.416796 0.674693 
0.813047 0.76936 0.896524 0.486471 0.377485 0.687578 
0.0768218 0.477641 0.238019 0.975881 0.681199 0.3624 
0.794278 0.073511 0.483873 0.499657 0.932843 0.146196 
0.080322 0.408177 0.96316 0.19808 0.196307 0.575679 
0.585675 0.368203 0.600133 0.148787 0.995401 0.40274 
0.819527 0.374249 0.479779 0.646495 0.799035 0.357672 
0.334307 0.144897 0.666856 0.314699 0.602249 0.92083 
0.516531 0.264133 0.833648 0.634619 0.458046 0.155873 
0.665973 0.794881 0.288654 0.320611 0.719155 0.231895 
0.373359 0.0738503 0.566183 0.422552 0.293043 0.357526 
0.589419 0.463059 0.944452 0.0504816 0.595927 0.864172 
0.104579 0.833378 0.658594 0.018916 0.194679 0.523072 
0.719795 0.837082 0.659888 0.643027 0.534876 0.323429 
0.44237 0.276668 0.117238 0.836375 0.332928 0.535956 
0.92989 0.243228 0.596723 0.246974 0.196178 0.835997 
0.623243 0.671648 0.871284 0.115607 0.676065 0.454547 
0.0322694 0.855082 0.661425 0.0599598 0.279493 0.17642 
0.897245 0.594159 0.690932 0.56934 0.434503 0.203158 
0.272443 0.2443 0.476952 0.961436 0.21741 0.782475 
0.960055 0.5734 0.129043 0.501854 0.505059 0.118397 
0.668904 0.386707 0.831097 0.123444 0.648075 0.848695 
0.105562 0.360967 0.719204 0.580969 0.157154 0.16911 
0.671351 0.88651 0.341848 0.699639 0.791982 0.28222 
0.169961 0.0731837 0.750171 0.1646 0.773202 0.433928 
0.929321 0.266287 0.79278 0.213916 0.380628 0.928528 
0.616563 0.356334 0.197901 0.79114 0.0182512 0.114529 
0.654629 0.382413 0.331292 0.914368 0.393451 0.831551 
0.129609 0.94207 0.35206 0.571891 0.844201 0.817317 
0.435375 0.349157 0.919119 0.74458 0.776418 0.612058 
0.314608 0.125922 0.133293 0.126031 0.750525 0.458914 
0.234676 0.683946 0.854236 0.120177 0.944193 0.0602624 
0.141179 0.227489 0.599194 0.0537268 0.812305 0.0318384 
0.974467 0.67108 0.238217 0.589708 0.227762 0.447814 
0.933005 0.513499 0.859511 0.609468 0.624005 0.64439 
0.0260003 0.207749 0.560325 0.120691 0.137716 0.5426 
0.8866 0.362593 0.299211 0.913002 0.970299 0.797872 
0.44872 0.693926 0.468209 0.401555 0.467209 0.517596 
0.899267 0.136994 0.689134 0.409278 0.0312551 0.192647 
0.274869 0.408626 0.722293 0.632939 0.000275349 0.346431 
0.492207 0.318549 0.138002 0.386913 0.0561348 0.765532 
0.961921 0.999092 0.349783 0.199 0.542825 0.201617 
0.513759 0.60802 0.79845 0.146671 0.523785 0.571627 
0.678709 0.844641 0.332073 0.744075 0.402784 0.555453 
0.614501 0.613926 0.0396633 0.343489 0.171394 0.423845 
0.730373 0.365644 0.0866058 0.418166 0.325262 0.563984 
0.53186 0.0602413 0.110132 0.549515 0.127237 0.059347 
0.917977 0.858511 0.549302 0.846325 0.664346 0.973193 
0.159347 0.283333 0.597956 0.062886 0.949394 0.282231 
0.430824 0.198631 0.759196 0.672739 0.683365 0.168483 
0.920936 0.00381843 0.178152 0.668274 0.517482 0.466967 
0.0936437 0.445121 0.652046 0.88235 0.203913 0.0160746 
0.109083 0.561133 0.245494 0.0300402 0.886352 0.547401 
0.487048 0.936609 0.548907 0.753337 0.172459 0.380426 
0.967038 0.30139 0.890453 0.250356 0.839556 0.708479 
0.5263 0.0915335 0.78213 0.307859 0.756626 0.645346 
0.154232 0.455199 0.162428 0.409058 0.167285 0.985431 
0.33357 0.354326 0.32215 0.641376 0.0376828 0.0782141 
0.491122 0.252718 0.658614 0.00166435 0.10087 0.955516 
0.165406 0.116442 0.960956 0.22039 0.254563 0.243011 
0.549228 0.851649 0.55761 0.901996 0.759697 0.99829 
0.37504 0.745522 0.766313 0.641665 0.102468 0.863361 
0.930975 0.291166 0.9754 0.830669 0.189622 0.765209 
0.0323388 0.375437 0.193147 0.596947 0.549478 0.776984 
0.708398 0.883565 0.994661 0.499773 0.748435 0.689707 
0.171227 0.282827 0.910853 0.399308 0.902494 0.548365 
0.263153 0.235834 0.335606 0.452883 0.667104 0.819205 
0.541796 0.746284 0.758699 0.40675 0.70228 0.661177 
0.276393 0.301463 0.954292 0.902304 0.97424 0.409958 
0.796038 0.602006 0.109927 0.0730384 0.383381 0.390933 
0.559109 0.69903 0.0111431 0.387383 0.56569 0.268586 
0.16162 0.80831 0.191671 0.648154 0.0728548 0.378955 
0.493255 0.216246 0.353126 0.892149 0.43915 0.982168 
0.576638 0.143244 0.499835 0.0825976 0.172927 0.374622 
0.164685 0.245427 0.791156 0.250746 0.549814 0.51529 
0.351869 0.41221 0.915688 0.568632 0.400523 0.806355 
0.0434072 0.130099 0.96922 0.207209 0.830683 0.306062 
0.984922 0.332869 0.0823947 0.681656 0.204153 0.163936 
0.197465 0.871827 0.0907455 0.247026 0.51707 0.867991 
0.596703 0.986729 0.822799 0.686431 0.627998 0.396655 
0.420051 0.477759 0.813622 0.294793 0.47432 0.429241 
0.464033 0.658065 0.562306 0.667623 0.652465 0.279692 
0.00518158 0.0591972 0.214659 0.253661 0.738162 0.47319 
0.923061 0.250655 0.68391 0.473922 0.50639 0.835066 
0.973102 0.148704 0.396488 0.770618 0.454478 0.636321 
0.742002 0.272135 0.180408 0.787707 0.077255 0.841116 
0.944811 0.945963 0.377179 0.828705 0.228601 0.861429 
0.954651 0.869014 0.750104 0.417458 0.403707 0.362057 
0.203926 0.823579 0.965837 0.416839 0.724963 0.4151 
0.60336 0.98743 0.00420215 0.130178 0.677832 0.236833 
0.680744 0.145993 0.59878 0.0737121 0.202964 0.732599 
0.958215 0.740477 0.215447 0.83916 0.218624 0.270701 
0.835845 0.622814 0.457732 0.725235 0.412836 0.102257 
0.435772 0.242478 0.631842 0.54464 0.0789411 0.0482647 
0.47033 0.338452 0.853798 0.278563 0.703332 0.870376 
0.181981 0.530931 0.725291 0.235327 0.237746 0.8223 
0.867889 0.0386598 0.487712 0.355253 0.165043 0.310328 
0.150371 0.906707 0.591714 0.829331 0.211342 0.582117 
0.155059 0.307525 0.368609 0.034971 0.0652273 0.770594 
0.302871 0.967253 0.697825 0.154431 0.565461 0.688987 
0.458841 0.161797 0.0124615 0.805494 0.563489 0.575652 
0.728453 0.510826 0.474775 0.585182 0.725622 0.345189 
0.032957 0.757572 0.409143 0.162533 0.0346696 0.171729 
0.947031 0.820092 0.332639 0.835034 0.441389 0.0590458 
0.644286 0.208885 0.688851 0.36702 0.123723 0.813234 
0.540555 0.732887 0.549682 0.706819 0.720948 0.705298 
0.3822 0.184357 0.30414 0.700235 0.49026 0.179238 
0.234011 0.527689 0.338934 0.674611 0.596737 0.820933 
0.0518739 0.138688 0.856061 0.0222511 0.275584 0.0991747 
0.782175 0.797382 0.0172278 0.626824 0.311988 0.320619 
0.814288 0.737055 0.129753 0.316178 0.104098 0.883811 
0.616127 0.878211 0.376962 0.803795 0.647873 0.0630678 
0.591894 0.331282 0.250697 0.158855 0.714764 0.0719813 
0.185877 0.237858 0.192756 0.344397 0.317012 0.980141 
0.662178 0.928902 0.786237 0.65124 0.181159 0.257187 
0.0242924 0.483723 0.967667 0.885485 0.869281 0.191843 
0.22577 0.817946 0.543713 0.183057 0.893645 0.279475 
0.351769 0.693228 0.0431582 0.244023 0.570678 0.351096 
0.289279 0.320744 0.66245 0.933927 0.795015 0.307525 
0.322907 0.0591831 0.195004 0.515876 0.543225 0.612364 
0.981289 0.643222 0.191306 0.171681 0.928788 0.397386 
0.195916 0.801325 0.824259 0.570929 0.0842391 0.109146 
0.744114 0.659696 0.506807 0.175787 0.268008 0.454629 
0.958915 0.174194 0.515791 0.596621 0.743142 0.34589 
0.962922 0.0995498 0.104408 0.794239 0.380101 0.139837 
0.0968658 0.121003 0.713279 0.579576 0.587647 0.995334 
0.0646321 0.375871 0.238461 0.982881 0.134113 0.641672 
0.655652 0.351099 0.879341 0.171586 0.483427 0.0960075 
0.12307 0.12045 0.134091 0.421591 0.257837 0.569928 
0.187079 0.154378 0.600612 0.0971637 0.343297 0.917023 
0.931294 0.245458 0.800032 0.586755 0.811845 0.516441 
0.658865 0.383457 0.19445 0.559622 0.701768 0.263983 
0.117474 0.0511765 0.047252 0.793975 0.280112 0.223189 
0.508137 0.299237 0.110282 0.146664 0.82239 0.687589 
0.226136 0.163039 0.699001 0.0823489 0.12716 0.23412 
0.857696 0.368625 0.201087 0.689656 0.763624 0.0131423 
0.235599 0.184213 0.876697 0.054297 0.936927 0.885486 
0.321922 0.17558 0.162713 0.985789 0.643997 0.938363 
0.777723 0.442821 0.131522 0.340833 0.366313 0.725349 
0.77319 0.866038 0.420443 0.655235 0.623929 0.473192 
0.769784 0.263746 0.0879195 0.566128 0.302735 0.141636 
0.719641 0.752224 0.0645333 0.69111 0.996059 0.581827 
0.0247698 0.466351 0.414182 0.213207 0.835104 0.185374 
0.81746 0.467173 0.394445 0.325834 0.910829 0.510776 
0.150726 0.942106 0.503177 0.490272 0.275718 0.903613 
0.0471862 0.902252 0.535012 0.30614 0.366519 0.96046 
0.659514 0.583682 0.516958 0.37191 0.538491 0.0443746 
0.100432 0.580275 0.641703 0.816211 0.634231 0.167929 
0.743836 0.670025 0.739727 0.931529 0.0611399 0.362883 
0.175809 0.264646 0.564113 0.480752 0.699477 0.813381 
0.00203477 0.0705907 6.26567e-06 0.972477 0.596175 0.314811 
0.80363 0.227608 0.266703 0.202319 0.645802 0.586794 
0.429148 0.213618 0.953473 0.353631 0.133557 0.220639 
0.136822 0.682496 0.719747 0.259499 0.997153 0.196651 
0.156116 0.061241 0.619122 0.351874 0.35863 0.146443 
0.520889 0.862992 0.953591 0.860072 0.907256 0.950273 
0.901834 0.367556 0.0167438 0.327499 0.583021 0.930085 
0.872381 0.916494 0.854533 0.136231 0.143851 0.627707 
0.866559 0.610937 0.527873 0.367164 0.549947 0.296111 
0.577584 0.187135 0.771319 0.548482 0.0259106 0.763549 
0.485026 0.784384 0.0292358 0.858116 0.730151 0.332442 
0.239789 0.812004 0.101678 0.194652 0.232136 0.204093 
0.0660737 0.981169 0.52742 0.364629 0.276647 0.451776 
0.496214 0.932875 0.445769 0.270346 0.150233 0.866342 
0.936504 0.918602 0.0350082 0.172206 0.284482 0.543716 
0.00197179 0.03166 0.614815 0.151077 0.610731 0.382257 
0.452888 0.729952 0.142256 0.107314 0.968442 0.131947 
0.128038 0.892666 0.606931 0.0388291 0.232868 0.16727 
0.0683144 0.484787 0.683257 0.141342 0.907386 0.230527 
0.248754 0.219152 0.652955 0.225699 0.0913529 0.00790594 
0.861796 0.69123 0.257662 0.947171 0.281286 0.19909 
0.901877 0.61052 0.827823 0.019626 0.890322 0.642054 
0.865903 0.0942017 0.861275 0.518629 0.485735 0.00548941 
0.166352 0.553568 0.975457 0.690166 0.689595 0.271148 
0.420896 0.234315 0.421502 0.10224 0.430754 0.461433 
0.632557 0.757867 0.4226 0.566197 0.432824 0.603059 
0.475157 0.231401 0.514811 0.978818 0.425526 0.669812 
0.19696 0.782289 0.194742 0.145493 0.730906 0.487891 
0.764767 0.0281228 0.656879 0.109731 0.778219 0.444013 
0.154141 0.593987 0.834945 0.602232 0.199563 0.487855 
0.700175 0.409071 0.900591 0.174854 0.92389 0.558907 
0.486288 0.532563 0.593498 0.15827 0.718541 0.406977 
0.0110114 0.0586726 0.977116 0.240794 0.3616 0.820726 
0.314604 0.333783 0.645655 0.369621 0.153205 0.0466009 
0.607855 0.567751 0.416742 0.633235 0.69626 0.245704 
0.831407 0.64586 0.729512 0.334894 0.965072 0.591994 
0.0268041 0.553802 0.2902 0.497498 0.302191 0.00733731 
0.753316 0.428637 0.00564456 0.452756 0.439123 0.672995 
0.551991 0.407436 0.495659 0.29497 0.863532 0.333977 
0.866305 0.110149 0.0144928 0.870389 0.0934018 0.90962 
0.757851 0.849359 0.995458 0.346509 0.231068 0.549373 
0.0893411 0.19875 0.92974 0.49474 0.362681 0.755422 
0.680556 0.443085 0.552801 0.72093 0.699591 0.784688 
0.858579 0.790095 0.46146 0.504731 0.511728 0.0169739 
0.433937 0.936867 0.778927 0.494322 0.0803609 0.945025 
0.707826 0.509098 0.0790307 0.367183 0.372159 0.174004 
0.0959763 0.955034 0.389076 0.610995 0.197273 0.454107 
0.36705 0.762322 0.0975465 0.692031 0.220423 0.176885 
0.811201 0.246148 0.567826 0.264742 0.446475 0.0529167 
0.913758 0.630692 0.975788 0.353456 0.847888 0.961115 
0.858274 0.867784 0.00661062 0.353425 0.626861 0.744073 
0.257012 0.485276 0.142902 0.491754 0.295524 0.967996 
0.571734 0.718894 0.775146 0.731582 0.41083 0.813283 
0.524389 0.587103 0.736285 0.271432 0.741339 0.425502 
0.844531 0.113458 0.684561 0.28767 0.249164 0.661595 
0.0190167 0.482199 0.125038 0.404797 0.482227 0.333424 
0.0500983 0.400283 0.609319 0.428414 0.426834 0.0993327 
0.47602 0.56899 0.0814141 0.380451 0.636101 0.193755 
0.0596544 0.591948 0.88569 0.815259 0.795447 0.142941 
0.21557 0.310631 0.608748 0.970521 0.885974 0.760733 
0.221052 0.416761 0.103751 0.439634 0.781586 0.774786 
0.0470612 0.81604 0.561559 0.0757743 0.267695 0.578984 
0.640155 0.915817 0.762175 0.509753 0.956157 0.779604 
0.954016 0.554308 0.910738 0.411858 0.454895 0.733423 
0.791614 0.621247 0.550068 0.684372 0.749331 0.597392 
0.824905 0.20906 0.900852 0.305808 0.326696 0.46529 
0.140787 0.820126 0.277015 0.871225 0.788704 0.234234 
0.569214 0.92033 0.978456 0.814702 0.864248 0.910694 
0.629886 0.830622 0.565806 0.780092 0.525929 0.629726 
0.0632955 0.411825 0.666895 0.358241 0.509509 0.62658 
0.949752 0.431935 0.0482018 0.713588 0.134334 0.788174 
0.452174 0.21142 0.456332 0.803589 0.163418 0.992865 
0.389043 0.341669 0.208449 0.81333 0.435774 0.283645 
0.363617 0.512893 0.339278 0.837318 0.535161 0.384958 
0.0835465 0.11062 0.267917 0.557788 0.89988 0.900944 
0.239468 0.811853 0.831387 0.431661 0.740154 0.218798 
0.588182 0.867864 0.682191 0.447492 0.179788 0.569453 
0.439 0.46513 0.425763 0.335346 0.915491 0.134455 
0.14603 0.95285 0.383717 0.922971 0.730003 0.553519 
0.866185 0.192608 0.865555 0.225192 0.918075 0.54693 
0.280889 0.796292 0.292202 0.219872 0.932158 0.034999 
0.533905 0.598839 0.46299 0.558232 0.773404 0.447189 
0.567101 0.29403 0.0590107 0.535025 0.838745 0.552079 
0.268333 0.8834 0.828432 0.601171 0.88272 0.506748 
0.277907 0.770617 0.176293 0.352666 0.698386 0.99523 
0.602341 0.134081 0.386767 0.216716 0.989527 0.139968 
0.819157 0.860829 0.908209 0.325281 0.00565812 0.175458 
0.0377142 0.669704 0.698223 0.991102 0.303332 0.861968 
0.0846605 0.466669 0.97805 0.497669 0.673037 0.401748 
0.943989 0.073777 0.153777 0.778675 0.534952 0.237807 
0.0664659 0.500956 0.0444766 0.448233 0.177788 0.612816 
0.523019 0.668077 0.537696 0.705868 0.883197 0.90501 
0.343673 0.915872 0.546813 0.994419 0.760099 0.299554 
0.851921 0.21216 0.939316 0.949778 0.155022 0.650934 
0.450696 0.725026 0.267938 0.472938 0.832153 0.949451 
0.586391 0.588188 0.107076 0.684852 0.749134 0.859661 
0.737805 0.275877 0.350368 0.0226766 0.487276 0.325953 
0.368784 0.574331 0.814282 0.409754 0.256468 0.659755 
0.069665 0.476308 0.849083 0.358674 0.40852 0.595741 
0.872976 0.0622184 0.143298 0.798644 0.1781 0.606109 
0.0971363 0.0560196 0.890506 0.709199 0.085252 0.755784 
0.94785 0.378838 0.417558 0.428152 0.0467227 0.45101 
0.110995 0.769987 0.785078 0.521226 0.64159 0.574008 
0.00391206 0.612752 0.90895 0.860036 0.474453 0.728923 
0.014469 0.100882 0.229924 0.0859129 0.0516147 0.18513 
0.357565 0.341732 0.169709 0.980367 0.469439 0.224284 
0.320691 0.761727 0.765198 0.541058 0.391523 0.990208 
0.248439 0.568199 0.254077 0.632843 0.477774 0.173494 
0.821438 0.705099 0.580371 0.142653 0.399252 0.954534 
0.301044 0.349305 0.995526 0.603975 0.783852 0.675007 
0.750192 0.246729 0.957315 0.141254 0.515115 0.947706 
0.610991 0.0443993 0.812413 0.714071 0.485273 0.369876 
0.267889 0.856972 0.172002 0.730678 0.989939 0.709069 
0.991622 0.271071 0.262741 0.895055 0.103718 0.367192 
0.837568 0.730861 0.962926 0.710977 0.606785 0.939118 
0.27392 0.103254 0.573295 0.29857 0.126258 0.412172 
0.15399 0.434212 0.287302 0.168553 0.525031 0.100512 
0.194513 0.0470327 0.703405 0.173485 0.773571 0.747022 
0.373752 0.358184 0.102653 0.110343 0.380757 0.211221 
0.289607 0.240539 0.51312 0.0702451 0.547478 0.934867 
0.905185 0.856975 0.299507 0.823419 0.606856 0.37223 
0.221356 0.748637 0.831034 0.716833 0.00718171 0.0860302 
0.900553 0.603941 0.0189675 0.461016 0.498104 0.935537 
0.790831 0.0697546 0.29288 0.893969 0.674899 0.345987 
0.549707 0.165453 0.773447 0.351501 0.160616 0.629866 
0.279149 0.991817 0.96069 0.516422 0.815288 0.854029 
0.352156 0.0599838 0.448649 0.537966 0.579728 0.310049 
0.395466 0.303747 0.416777 0.708618 0.844506 0.622166 
0.573229 0.397462 0.953387 0.417817 0.793528 0.205415 
0.263467 0.488013 0.991243 0.54002 0.746899 0.512547 
0.244357 0.811173 0.381637 0.20057 0.931441 0.979397 
0.482806 0.552303 0.654077 0.151073 0.880278 0.99159 
0.525457 0.782394 0.0975062 0.208892 0.246382 0.16041 
0.947495 0.93944 0.702375 0.0330282 0.726908 0.435416 
0.0875512 0.953985 0.801219 0.982149 0.379801 0.908002 
0.995481 0.555297 0.221584 0.410441 0.995981 0.0530516 
0.225579 0.874764 0.801883 0.14901 0.485936 0.947178 
0.401285 0.375099 0.394403 0.488059 0.598041 0.179254 
0.804813 0.772304 0.39264 0.367594 0.141616 0.942099 
0.625418 0.926625 0.0870202 0.764297 0.619011 0.124938 
0.564537 0.333646 0.220219 0.236101 0.799586 0.667558 
0.758303 0.208468 0.0555241 0.238571 0.494976 0.781999 
0.432665 0.906617 0.907555 0.997924 0.467134 0.799383 
0.0350208 0.293181 0.748209 0.746216 0.703311 0.490762 
0.512078 0.435566 0.312672 0.0877835 0.612789 0.824957 
0.206065 0.673403 0.365429 0.110153 0.0790915 0.703097 
0.365035 0.0835137 0.92957 0.0880791 0.298357 0.0717595 
0.978219 0.69096 0.693267 0.229875 0.425465 0.578737 
0.612439 0.345898 0.393421 0.209813 0.721309 0.102408 
0.735437 0.451841 0.872046 0.0259729 0.917344 0.391218 
0.539494 0.571228 0.535012 0.723338 0.557066 0.457543 
0.267351 0.713575 0.249158 0.713267 0.808733 0.687145 
0.095792 0.984673 0.651654 0.0550051 0.956831 0.140634 
0.434999 0.461514 0.335415 0.380416 0.854386 0.572242 
0.385636 0.543398 0.0544383 0.370312 0.876861 0.320095 
0.0518127 0.0526487 0.393658 0.787759 0.447321 0.399721 
0.310842 0.28568 0.842897 0.0305042 0.0845912 0.298354 
0.989081 0.106438 0.591209 0.808957 0.860552 0.544071 
0.670724 0.91212 0.82423 0.0867977 0.481407 0.180082 
0.870323 0.0842173 0.847524 0.737802 0.857143 0.057017 
0.735925 0.809852 0.556774 0.133184 0.584218 0.248035 
0.756453 0.124036 0.975761 0.754274 0.785693 0.0717763 
0.67934 0.231164 0.449628 0.762218 0.214584 0.708872 
0.349297 0.0329645 0.782165 0.736157 0.202453 0.520622 
0.560079 0.113809 0.872735 0.307937 0.206167 0.655088 
0.278534 0.819551 0.769475 0.39414 0.647486 0.109507 
0.479531 0.822263 0.967335 0.467219 0.0577062 0.00155961 
0.569258 0.698642 0.113544 0.433406 0.357258 0.934654 
0.0188861 0.837924 0.0116003 0.160849 0.144965 0.68211 
0.723612 0.313938 0.977013 0.0648518 0.668174 0.57365 
0.204684 0.966832 0.860197 0.469915 0.88512 0.425653 
0.0449716 0.51477 0.786563 0.243862 0.159926 0.983881 
0.223809 0.335594 0.520599 0.514985 0.762672 0.174703 
0.618845 0.819193 0.880939 0.714535 0.72765 0.525321 
0.960594 0.0783787 0.49228 0.879009 0.708308 0.512531 
0.361994 0.939113 0.823934 0.852494 0.585407 0.691885 
0.566063 0.691793 0.476185 0.0154994 0.181561 0.159145 
0.411338 0.25483 0.494654 0.944509 0.577052 0.816921 
0.542212 0.106304 0.25574 0.0570977 0.814627 0.952811 
0.490826 0.738135 0.56107 0.600488 0.204333 0.395336 
0.871278 0.776138 0.640654 0.524964 0.736347 0.385437 
0.54869 0.865346 0.580732 0.16617 0.61984 0.725796 
0.200458 0.715108 0.776135 0.263619 0.309982 0.607659 
0.0805822 0.676582 0.701563 0.878379 0.978598 0.933398 
0.0855888 0.0457679 0.444745 0.956064 0.282973 0.208136 
0.219529 0.889854 0.617798 0.405418 0.0754502 0.737261 
0.575293 0.0423678 0.34474 0.5435 0.933427 0.924543 
0.92571 0.71542 0.0606574 0.0383465 0.36776 0.974732 
0.623359 0.636671 0.974157 0.227024 0.191401 0.217737 
0.140332 0.774702 0.230775 0.242405 0.628815 0.234835 
0.420179 0.52068 0.66892 0.797661 0.863881 0.589593 
0.390619 0.314406 0.491634 0.158515 0.959656 0.489481 
0.125183 0.713029 0.301513 0.0776404 0.541516 0.914238 
0.28418 0.633888 0.648992 0.426879 0.22152 0.889153 
0.772449 0.383241 0.212617 0.690197 0.714456 0.72834 
0.641683 0.63051 0.336416 0.446995 0.387117 0.407172 
0.866047 0.992897 0.876618 0.0268344 0.769979 0.323485 
0.923425 0.460236 0.951619 0.331978 0.312445 0.834826 
0.435318 0.398257 0.46757 0.498195 0.878424 0.233887 
0.376475 0.187558 0.2296 0.693273 0.791754 0.524506 
0.277915 0.984431 0.16151 0.728365 0.630816 0.823261 
0.733862 0.186656 0.225189 0.494649 0.539695 0.955485 
0.509446 0.0780138 0.197738 0.883265 0.854574 0.758197 
0.0864218 0.0710846 0.312602 0.15267 0.216644 0.823494 
0.00725077 0.323852 0.842968 0.221906 0.766262 0.82972 
0.620829 0.290677 0.0968048 0.780053 0.598285 0.468167 
0.780995 0.626062 0.617087 0.0413246 0.602515 0.766065 
0.250459 0.112627 0.292066 0.0422149 0.411221 0.487036 
0.84482 0.593189 0.272493 0.218562 0.965036 0.0441685 
0.814583 0.596045 0.851937 0.49192 0.921683 0.360214 
0.582336 0.973169 0.0690816 0.303003 0.219512 0.231307 
0.910792 0.160179 0.391544 0.744448 0.275691 0.649526 
0.426097 0.113973 0.00439822 0.168178 0.98508 0.75391 
0.100699 0.067372 0.0175699 0.937427 0.706969 0.115488 
0.41706 0.885198 0.945044 0.416393 0.029052 0.180017 
0.418039 0.936027 0.104518 0.411628 0.182855 0.76067 
0.936939 0.214981 0.645986 0.0582809 0.86045 0.772629 
0.659123 0.699156 0.948427 0.679579 0.0754717 0.705402 
0.993233 0.169041 0.849853 0.379813 0.867909 0.0843145 
0.653936 0.132979 0.0999214 0.647703 0.690285 0.749464 
0.407929 0.905226 0.895451 0.616158 0.437387 0.933463 
0.461421 0.138866 0.91632 0.0769351 0.672234 0.913022 
0.818037 0.69459 0.139856 0.690755 0.0583194 0.90712 
0.822479 0.723975 0.538658 0.0795681 0.418488 0.52696 
0.124476 0.0404727 0.875232 0.0716664 0.834317 0.304299 
0.830736 0.124421 0.221612 0.760437 0.344169 0.593865 
0.126456 0.660227 0.424379 0.421158 0.773242 0.0569564 
0.565083 0.0892869 0.463286 0.971684 0.08337 0.867367 
0.37172 0.65368 0.318564 0.509697 0.667451 0.396828 
0.814515 0.911465 0.334241 0.602086 0.321918 0.184304 
0.242507 0.626484 0.269123 0.0883323 0.606107 0.96788 
0.453622 0.567474 0.0943025 0.0570476 0.760786 0.267045 
0.777562 0.529378 0.499132 0.59279 0.712816 0.0697752 
0.20925 0.989304 0.23971 0.532414 0.0164947 0.95159 
0.897896 0.991052 0.651392 0.0620313 0.236217 0.197979 
0.0205232 0.352124 0.475281 0.873324 0.707598 0.859806 
0.484443 0.467372 0.778888 0.23863 0.292069 0.900044 
0.893249 0.784584 0.974052 0.23564 0.910783 0.157669 
0.00102171 0.244805 0.382304 0.321355 0.185063 0.0952198 
0.136702 0.978857 0.961498 0.65965 0.15492 0.189145 
0.0870108 0.173261 0.480451 0.593986 0.578656 0.316707 
0.66966 0.0549204 0.865487 0.425935 0.817741 0.749951 
0.873171 0.192842 0.565183 0.572471 0.946996 0.737233 
0.736151 0.224064 0.0475003 0.690311 0.861252 0.509665 
0.744254 0.07381 0.764538 0.71942 0.727875 0.298891 
0.972443 0.879088 0.994498 0.291128 0.486506 0.449553 
0.754872 0.0676177 0.0645855 0.709481 0.420145 0.965349 
0.539966 0.715514 0.639996 0.124499 0.692173 0.0134808 
0.629126 0.326319 0.577647 0.557084 0.455961 0.354983 
0.83141 0.859732 0.65171 0.490358 0.164611 0.104793 
0.675883 0.681385 0.279397 0.169308 0.498205 0.0689345 
0.119551 0.695592 0.687918 0.306998 0.388602 0.939181 
0.624756 0.524123 0.0619379 0.302743 0.651183 0.680991 
0.809845 0.872053 0.186796 0.416894 0.68875 0.313733 
0.339282 0.00774061 0.869333 0.676243 0.95878 0.927877 
0.327747 0.285099 0.730905 0.62118 0.733074 0.953198 
0.28748 0.842894 0.815068 0.591098 0.463339 0.586401 
0.111969 0.679952 0.995114 0.999962 0.164792 0.0147158 
0.947886 0.814583 0.843136 0.648054 0.971083 0.884369 
0.621683 0.24766 0.364713 0.173733 0.386154 0.575795 
0.224902 0.232105 0.954913 0.565722 0.14799 0.488379 
0.830862 0.695775 0.767762 0.0350692 0.513156 0.399477 
0.655125 0.808624 0.400932 0.0623604 0.485623 0.246676 
0.599073 0.336542 0.258997 0.505842 0.416198 0.436561 
0.816497 0.766644 0.395484 0.457508 0.940716 0.401922 
0.544692 0.511569 0.45867 0.0183985 0.8038 0.586314 
0.967477 0.0097142 0.163007 0.515167 0.168154 0.671873 
0.363354 0.762849 0.0474918 0.524983 0.58618 0.200045 
0.109187 0.177548 0.76053 0.940899 0.902625 0.952494 
0.68212 0.0453164 0.250018 0.351842 0.88044 0.889048 
0.036665 0.571681 0.35596 0.256549 0.436812 0.359544 
0.17348 0.130017 0.532408 0.17468 0.0592362 0.448986 
0.390419 0.459242 0.556029 0.0122133 0.692129 0.44907 
0.884727 0.752962 0.417731 0.888306 0.474819 0.512768 
0.9502 0.847724 0.551611 0.122612 0.208501 0.99452 
0.74441 0.477145 0.620493 0.330148 0.328066 0.508378 
0.349784 0.370141 0.161954 0.709278 0.24982 0.850096 
0.12052 0.541489 0.41184 0.703912 0.850142 0.316189 
0.336995 0.66431 0.4198 0.478412 0.933865 0.074403 
0.713063 0.0236364 0.520072 0.255918 0.628398 0.337557 
0.6196 0.100957 0.804087 0.921149 0.240061 0.822065 
0.232574 0.0528374 0.346943 0.242316 0.77505 0.887102 
0.957978 0.0714711 0.946092 0.964646 0.497419 0.708788 
0.906947 0.000212477 0.50889 0.927345 0.106089 0.860525 
0.956182 0.0158273 0.942885 0.430917 0.613084 0.5114 
0.207696 0.798616 0.858854 0.337226 0.95753 0.105726 
0.630424 0.323275 0.297045 0.747404 0.852647 0.487301 
0.914217 0.900405 0.596696 0.704786 0.517069 0.736985 
0.484648 0.957581 0.256166 0.859756 0.115568 0.603338 
0.0392777 0.604863 0.674419 0.449913 0.871012 0.402843 
0.0925977 0.957836 0.995693 0.966183 0.50394 0.894633 
0.17087 0.772044 0.731186 0.824535 0.48399 0.326355 
0.945291 0.130639 0.991998 0.201976 0.496109 0.0968336 
0.601459 0.785748 0.100535 0.287405 0.291848 0.141023 
0.432668 0.509879 0.145224 0.581801 0.981613 0.563232 
0.44883 0.224446 0.563401 0.183912 0.792227 0.062874 
0.412254 0.852658 0.22098 0.980363 0.543854 0.298467 
0.502525 0.918765 0.145305 0.380913 0.739493 0.910799 
0.188775 0.615977 0.496527 0.643793 0.900451 0.875948 
0.595392 0.112231 0.946606 0.223859 0.974146 0.995347 
0.573964 0.930368 0.379635 0.908251 0.470614 0.0484727 
0.298817 0.15657 0.778086 0.692035 0.0282022 0.377473 
0.363119 0.874876 0.796839 0.513341 0.425268 0.204338 
0.475389 0.478574 0.816716 0.0973604 0.196581 0.341591 
0.124681 0.0797623 0.40994 0.572082 0.308154 0.863396 
0.980114 0.13563 0.962743 0.482734 0.544052 0.283791 
0.263847 0.63104 0.637152 0.191147 0.492443 0.645431 
0.638969 0.382787 0.92026 0.317711 0.743155 0.220807 
0.855231 0.312627 0.933971 0.365524 0.867233 0.477786 
0.416621 0.316045 0.0492536 0.741731 0.646428 0.242865 
0.156036 0.30433 0.817716 0.4623 0.96993 0.917617 
0.907786 0.894622 0.797581 0.45172 0.821059 0.438857 
0.210391 0.970249 0.969224 0.560941 0.946111 0.378168 
0.857707 0.454344 0.809986 0.478861 0.653553 0.818654 
0.365012 0.352233 0.593638 0.900087 0.194771 0.550045 
0.136056 0.786423 0.0269755 0.355234 0.200345 0.974719 
0.656163 0.0379572 0.667575 0.412157 0.201589 0.262111 
0.313054 0.0427798 0.295067 0.766728 0.211082 0.214676 
0.546967 0.515589 0.809773 0.0664113 0.799901 0.654911 
0.986983 0.151571 0.825853 0.264056 0.641272 0.665231 
0.216705 0.700324 0.792849 0.55165 0.94756 0.011187 
0.61627 0.235115 0.844754 0.640655 0.18525 0.825592 
0.649524 0.237063 0.394132 0.695184 0.470296 0.8622 
0.0444222 0.52702 0.112353 0.388015 0.351145 0.599252 
0.822164 0.768936 0.960577 0.217224 0.801883 0.508526 
0.47693 0.327442 0.24151 3.9032e-06 0.681278 0.864056 
0.534859 0.922921 0.530547 0.267447 0.818003 0.476721 
0.533895 0.338477 0.215648 0.849135 0.243942 0.802661 
0.0807532 0.506167 0.895018 0.587518 0.989104 0.634077 
0.719049 0.381965 0.325757 0.499859 0.436814 0.825386 
0.544042 0.829861 0.0526502 0.710758 0.415427 0.453146 
0.00655021 0.613858 0.238498 0.263627 0.531616 0.449351 
0.854035 0.624715 0.937944 0.32079 0.462472 0.128783 
0.900867 0.89591 0.773446 0.863418 0.383691 0.253062 
0.5513 0.921142 0.182279 0.089623 0.758838 0.937293 
0.0523063 0.818072 0.495949 0.371736 0.872443 0.0204262 
0.417647 0.172276 0.933935 0.207964 0.72531 0.301501 
0.769167 0.460753 0.192192 0.954545 0.691193 0.54564 
0.217467 0.860565 0.564602 0.163338 0.460115 0.160924 
0.927805 0.847556 0.728942 0.562312 0.654177 0.390295 
0.710461 0.637079 0.621835 0.840963 0.632319 0.226498 
0.427204 0.492164 0.588005 0.428101 0.617911 0.999662 
0.248522 0.438194 0.598336 0.860129 0.337731 0.505806 
0.800774 0.250422 0.474804 0.229692 0.886881 0.0516213 
0.96942 0.520237 0.810505 0.61777 0.141946 0.0265912 
0.871676 0.825835 0.014386 0.390233 0.219392 0.146256 
0.16342 0.666352 0.865115 0.368657 0.249222 0.777911 
0.15111 0.707853 0.0587614 0.206381 0.700703 0.162821 
0.505203 0.270253 0.827182 0.0657146 0.141993 0.312788 
0.863929 0.465693 0.763843 0.638559 0.78813 0.260479 
0.844842 0.0261391 0.836296 0.55534 0.899482 0.0429072 
0.850063 0.314971 0.473828 0.491428 0.11106 0.16024 
0.428065 0.272006 0.954365 0.0895157 0.82013 0.2026 
0.797042 0.60687 0.0771963 0.189107 0.0804752 0.630485 
0.894111 0.923912 0.862916 0.387436 0.819672 0.143129 
0.0776374 0.751974 0.222595 0.697061 0.330618 0.0920011 
0.317428 0.23659 0.0455168 0.565643 0.127659 0.361439 
0.340122 0.58571 0.878333 0.631403 0.66064 0.943244 
0.373822 0.41129 0.162389 0.404617 0.5424 0.268454 
0.978869 0.228274 0.662043 0.718902 0.146211 0.132636 
0.204796 0.402102 0.576267 0.936348 0.433592 0.0634808 
0.0615848 0.757335 0.496174 0.239651 0.0400953 0.894119 
0.0869879 0.750227 0.691012 0.524325 0.975286 0.316006 
0.214233 0.694808 0.620878 0.806043 0.315973 0.207639 
0.215051 0.254774 0.86886 0.915465 0.760811 0.290056 
0.192207 0.687133 0.595658 0.919584 0.56122 0.599884 
0.193549 0.0516458 0.483139 0.976294 0.404237 0.86975 
0.237121 0.929556 0.997353 0.0358301 0.970538 0.248786 
0.491605 0.784369 0.225577 0.42891 0.449922 0.120081 
0.242887 0.881592 0.701676 0.477315 0.865555 0.672983 
0.718055 0.308539 0.224269 0.977149 0.764499 0.656421 
0.148608 0.112037 0.374261 0.348813 0.130348 0.347038 
0.871862 0.612513 0.0938276 0.112272 0.965093 0.521909 
0.917199 0.0447603 0.192662 0.191297 0.440943 0.0668696 
0.0864745 0.151831 0.650125 0.691664 0.108875 0.0226548 
0.464925 0.259283 0.647639 0.0715232 0.227539 0.306033 
0.318859 0.581713 0.0254959 0.264859 0.489326 0.843815 
0.949592 0.805875 0.188874 0.0599023 0.227992 0.283887 
0.859672 0.71648 0.22025 0.603617 0.371761 0.956796 
0.12381 0.241134 0.554929 0.837074 0.0330363 0.834553 
0.510935 0.280352 0.821439 0.192494 0.54083 0.192963 
0.399828 0.442775 0.575994 0.1461 0.570333 0.8056 
0.728798 0.209756 0.492036 0.428842 0.418871 0.528347 
0.599007 0.17896 0.86224 0.95502 0.874206 0.056275 
0.554271 0.577001 0.528688 0.56905 0.376849 0.45802 
0.903851 0.494284 0.986081 0.939859 0.929953 0.8481 
0.915356 0.259476 0.702873 0.131506 0.109558 0.0940908 
0.380991 0.643238 0.475572 0.929571 0.351312 0.685528 
0.64636 0.95099 0.0347628 0.228576 0.687768 0.817582 
0.174442 0.173388 0.584714 0.138021 0.747257 0.992393 
0.406357 0.958173 0.100962 0.580398 0.757476 0.174397 
0.639382 0.511387 0.802624 0.174288 0.0577796 0.910055 
0.784898 0.257856 0.725411 0.752185 0.663916 0.11898 
0.942654 0.987391 0.612969 0.985817 0.701732 0.861241 
0.158962 0.238526 0.00388889 0.950103 0.771636 0.545721 
0.560465 0.0838859 0.452877 0.965523 0.996805 0.062658 
0.316087 0.808827 0.489769 0.000403598 0.431739 0.242341 
0.305974 0.627404 0.0267698 0.557999 0.339636 0.751567 
0.171953 0.504102 0.645257 0.91871 0.710109 0.643004 
0.912017 0.284956 0.443321 0.168471 0.0963838 0.332691 
0.984067 0.569297 0.308469 0.362479 0.493506 0.675365 
0.256628 0.120744 0.656681 0.313972 0.0833326 0.230764 
0.472408 0.0146505 0.798468 0.682533 0.853315 0.485402 
0.790364 0.684763 0.67834 0.978649 0.871156 0.087293 
0.309018 0.257448 0.583207 0.137779 0.101426 0.821212 
0.341626 0.187552 0.657648 0.349995 0.688777 0.206397 
0.989848 0.572958 0.992945 0.916412 0.0394368 0.257168 
0.837529 0.492717 0.867112 0.304302 0.390392 0.304192 
0.804628 0.335571 0.93806 0.921949 0.268699 0.98453 
0.330192 0.380402 0.559831 0.163263 0.642866 0.426989 
0.972355 0.130085 0.455039 0.468956 0.514174 0.156228 
0.728995 0.643058 0.991701 0.929289 0.602692 0.836239 
0.0795083 0.776394 0.43699 0.0761148 0.888481 0.968477 
0.286034 0.719137 0.546602 0.484468 0.139563 0.813843 
0.766933 0.0399421 0.909518 0.524384 0.426251 0.768245 
0.0840174 0.833545 0.815065 0.613024 0.929959 0.989997 
0.0894943 0.265715 0.424383 0.645103 0.939677 0.616219 
0.710739 0.07454 0.188894 0.846829 0.782567 0.499102 
0.682607 0.838262 0.756134 0.621008 0.501931 0.282145 
0.876767 0.255959 0.801196 0.847215 0.648383 0.149074 
9.2603e-05 0.130701 0.999835 0.0996299 0.753055 0.768058 
0.217415 0.148188 0.299247 0.892103 0.514722 0.368671 
0.323088 0.164426 0.940519 0.566374 0.750964 0.983054 
0.971145 0.814878 0.709415 0.880118 0.354768 0.605427 
0.398417 0.517773 0.649716 0.0738901 0.287903 0.519769 
0.0644334 0.44094 0.166811 0.179482 0.506407 0.036093 
0.0441242 0.391782 0.554533 0.901337 0.956986 0.660053 
0.975016 0.522256 0.331659 0.024696 0.384619 0.661523 
0.27697 0.171804 0.0348318 0.919569 0.960515 0.562302 
0.201811 0.750393 0.469731 0.618494 0.365503 0.617248 
0.287006 0.697419 0.015513 0.563516 0.622281 0.182395 
0.998526 0.233454 0.611442 0.00317014 0.557944 0.420863 
0.0122559 0.979761 0.0112373 0.957337 0.224073 0.515694 
0.981525 0.924057 0.308253 0.134085 0.174558 0.398702 
0.870531 0.491502 0.577677 0.452846 0.780627 0.389419 
0.227749 0.220858 0.497944 0.154665 0.841791 0.0304106 
0.409157 0.546741 0.885568 0.94883 0.62114 0.622997 
0.76521 0.577416 0.535449 0.360277 0.365136 0.542706 
0.49726 0.470553 0.791795 0.0953896 0.714346 0.192439 
0.0161394 0.483007 0.674703 0.874272 0.584135 0.00272568 
0.238379 0.584295 0.62913 0.50594 0.401227 0.899109 
0.801444 0.745459 0.209052 0.278348 0.802986 0.178161 
0.667999 0.173648 0.770755 0.944385 0.601169 0.120455 
0.343586 0.569647 0.648013 0.390126 0.203701 0.00987534 
0.446913 0.137617 0.0533173 0.587581 0.015522 0.448908 
0.104042 0.742283 0.404951 0.753178 0.444391 0.978691 
0.979296 0.827261 0.286402 0.864563 0.922727 0.591053 
0.483293 0.222751 0.721079 0.115339 0.678113 0.548797 
0.66748 0.734657 0.000576161 0.179118 0.973628 0.325407 
0.598722 0.781376 0.799494 0.934067 0.930413 0.935006 
0.633113 0.129913 0.353181 0.868792 0.316377 0.317744 
0.585711 0.652952 0.895054 0.668626 0.0759341 0.538932 
0.161202 0.952229 0.591358 0.0865665 0.601913 0.13388 
0.693045 0.532727 0.000217322 0.159575 0.181968 0.376423 
0.447904 0.435764 0.543179 0.665695 0.961429 0.712712 
0.00488096 0.0777678 0.990344 0.552784 0.364029 0.845665 
0.776329 0.498689 0.600398 0.748152 0.096273 0.288375 
0.154764 0.210829 0.278078 0.457372 0.503801 0.922742 
0.244405 0.598309 0.129409 0.816885 0.397509 0.942975 
0.679109 0.398405 0.603913 0.944903 0.0087214 0.994863 
0.381152 0.519331 0.335245 0.394957 0.878027 0.0978233 
0.173286 0.783742 0.210177 0.64939 0.00551057 0.164209 
0.826114 0.0135981 0.0549535 0.677637 0.187009 0.619603 
0.519002 0.280971 0.881408 0.190213 0.00880927 0.964712 
0.412947 0.431546 0.180506 0.552578 0.863934 0.0625125 
0.777969 0.477669 0.74145 0.780848 0.954685 0.786112 
0.257814 0.885913 0.39823 0.516161 0.954885 0.816765 
0.1182 0.415282 0.647605 0.45244 0.552214 0.415427 
0.263394 0.00175232 0.088268 0.679788 0.715928 0.559888 
0.208164 0.841985 0.583112 0.673836 0.882869 0.620319 
0.971657 0.0341439 0.61743 0.714729 0.600952 0.436982 
0.714778 0.323431 0.415064 0.279696 0.348496 0.522155 
0.719721 0.816692 0.595966 0.372522 0.157702 0.749232 
0.521147 0.349143 0.510231 0.161195 0.289749 0.0513325 
0.596201 0.250235 0.225757 0.330511 0.987346 0.555596 
0.812246 0.686354 0.615458 0.6577 0.437184 0.249843 
0.490159 0.443238 0.0155989 0.754585 0.0231358 0.237783 
0.213907 0.888973 0.0678892 0.360495 0.510635 0.583019 
0.757724 0.0901901 0.892529 0.278967 0.203703 0.311334 
0.361631 0.347933 0.628739 0.0738969 0.346561 0.00703981 
0.891227 0.0323533 0.360683 0.362443 0.841765 0.941208 
0.122017 0.547918 0.278452 0.126264 0.513059 0.0662253 
0.608881 0.363515 0.367514 0.786794 0.964884 0.62723 
0.226587 0.279406 0.268602 0.370654 0.67417 0.859069 
0.570499 0.928724 0.447607 0.374539 0.714328 0.417838 
0.0935622 0.677635 0.728299 0.289049 0.890419 0.0491604 
0.171245 0.64145 0.805945 0.2239 0.0805647 0.694148 
0.735114 0.7193 0.763068 0.602871 0.777472 0.245902 
0.390493 0.197099 0.0306437 0.363695 0.546611 0.791406 
0.117522 0.746221 0.0269816 0.343352 0.509471 0.0850398 
0.491201 0.0822645 0.556056 0.477074 0.561317 0.923594 
0.342152 0.282767 0.682672 0.887423 0.855433 0.982889 
0.0485341 0.16157 0.800514 0.889926 0.968359 0.482453 
0.867881 0.592176 0.256266 0.779596 0.461831 0.347075 
0.464858 0.453927 0.731996 0.693022 0.622299 0.25032 
0.0396038 0.578022 0.887481 0.717526 0.278857 0.723763 
0.844177 0.514714 0.635651 0.604917 0.957587 0.832466 
0.508686 0.0939503 0.167233 0.981137 0.0511385 0.0867626 
0.635221 0.727243 0.171469 0.34326 0.476587 0.791832 
0.986903 0.26625 0.708386 0.514624 0.979989 0.465052 
0.608542 0.0699013 0.849924 0.550538 0.714511 0.618272 
0.281218 0.264292 0.445474 0.882421 0.859091 0.618908 
0.360814 0.531306 0.218508 0.381442 0.971598 0.456334 
0.420426 0.664637 0.392773 0.753112 0.174915 0.733652 
0.717183 0.519961 0.650697 0.987771 0.989885 0.0410169 
0.0691219 0.217072 0.117521 0.697578 0.846966 0.140591 
0.597066 0.678854 0.867211 0.419462 0.210167 0.965229 
0.874208 0.0765784 0.512615 0.52128 0.035963 0.988376 
0.0263826 0.341894 0.656568 0.994441 0.643093 0.0510989 
0.956352 0.0203991 0.183017 0.223194 0.62676 0.842313 
0.949822 0.569657 0.427738 0.840294 0.88062 0.330001 
0.795516 0.645933 0.993176 0.235877 0.0291442 0.798299 
0.316695 0.112532 0.606745 0.984727 0.930474 0.131906 
0.719098 0.585956 0.855842 0.450012 0.147083 0.127639 
0.720815 0.202319 0.031906 0.289803 0.361778 0.507235 
0.766767 0.0975295 0.175971 0.971132 0.907461 0.228145 
0.559717 0.622886 0.71029 0.157281 0.58337 0.271537 
0.879557 0.469487 0.75582 0.599404 0.174633 0.525604 
0.252383 0.108151 0.383464 0.255016 0.0264212 0.371359 
0.422173 0.584233 0.248046 0.883871 0.811305 0.923029 
0.0167714 0.488275 0.273006 0.13512 0.326781 0.262277 
0.512286 0.408448 0.568033 0.830684 0.693888 0.729097 
0.0817312 0.194194 0.451037 0.706705 0.281359 0.152068 
0.930243 0.523653 0.854904 0.407598 0.0414215 0.671658 
0.670309 0.767909 0.697406 0.324594 0.268929 0.516518 
0.0776558 0.313894 0.917545 0.97339 0.783434 0.0124946 
0.113733 0.896326 0.178637 0.989652 0.71445 0.507897 
0.494562 0.483478 0.0942323 0.0586832 0.696374 0.757052 
0.725845 0.330594 0.986096 0.624148 0.062636 0.18253 
0.710341 0.383828 0.459561 0.172013 0.0275149 0.25517 
0.347766 0.171999 0.259642 0.0273866 0.670644 0.88328 
0.024349 0.871811 0.628365 0.299869 0.652306 0.170399 
0.552684 0.204043 0.804931 0.598126 0.650259 0.998979 
0.577424 0.836662 0.399651 0.769122 0.102423 0.982008 
0.0287801 0.848666 0.823696 0.333293 0.752138 0.891013 
0.982734 0.578978 0.964631 0.458837 0.645591 0.420717 
0.0866564 0.312661 0.677302 0.989619 0.768854 0.308644 
0.630943 0.468785 0.478852 0.836792 0.535511 0.678799 
0.135406 0.950591 0.34771 0.988428 0.561864 0.581044 
0.00186822 0.369888 0.532225 0.533242 0.703376 0.00873537 
0.654658 0.71971 0.170757 0.99221 0.920606 0.446854 
0.399428 0.297886 0.760121 0.744672 0.577851 0.822098 
0.135252 0.0106588 0.536194 0.0449362 0.802906 0.52673 
0.959823 0.140478 0.719759 0.569881 0.0574445 0.761495 
0.0525274 0.276824 0.736382 0.0625477 0.8318 0.0360179 
0.767446 0.0423358 0.754125 0.0912283 0.548101 0.755694 
0.964642 0.490345 0.605761 0.615451 0.97889 0.367742 
0.637475 0.379801 0.13598 0.527825 0.716602 0.382944 
0.100653 0.76344 0.394477 0.632697 0.610733 0.460775 
0.95738 0.980862 0.529376 0.139645 0.0702868 0.222435 
0.363105 0.426729 0.461208 0.901217 0.170983 0.969766 
0.548779 0.0257935 0.903663 0.0671501 0.366124 0.487967 
0.158031 0.939736 0.20723 0.29457 0.887532 0.749472 
0.966493 0.923315 0.208963 0.833273 0.972859 0.488796 
0.0836513 0.589929 0.85559 0.857977 0.151998 0.0270989 
0.369874 0.770953 0.998872 0.907704 0.896217 0.137262 
0.364577 0.688519 0.135191 0.235994 0.762874 0.287876 
0.881141 0.31163 0.399582 0.545721 0.709896 0.643247 
0.473389 0.606209 0.812302 0.969492 0.52952 0.40549 
0.994737 0.482094 0.754681 0.461179 0.560791 0.188927 
0.532822 0.615342 0.44715 0.109489 0.338814 0.215279 
0.900249 0.504391 0.129681 0.220527 0.679655 0.968298 
0.739601 0.867056 0.615946 0.509548 0.305914 0.152133 
0.718768 0.031775 0.811474 0.27548 0.432366 0.577466 
0.977648 0.136814 0.017075 0.975494 0.436596 0.987789 
0.641989 0.524481 0.569593 0.33982 0.866854 0.693213 
0.068516 0.665559 0.919471 0.0177154 0.524719 0.564738 
0.256379 0.661251 0.876456 0.0322478 0.368611 0.265359 
0.455204 0.0746251 0.00968555 0.195987 0.727399 0.200868 
0.658333 0.427845 0.359895 0.445238 0.245385 0.832103 
0.661906 0.429696 0.185226 0.0366288 0.11404 0.932252 
0.522934 0.668482 0.182806 0.992302 0.0447072 0.753276 
0.617607 0.874742 0.810282 0.161644 0.165998 0.394953 
0.339923 0.507949 0.940735 0.688943 0.568448 0.240066 
0.655902 0.798581 0.967311 0.316832 0.5517 0.473687 
0.291058 0.774147 0.525271 0.68625 0.30851 0.852218 
0.16096 0.57329 0.296533 0.145349 0.322575 0.105726 
0.529292 0.535696 0.316047 0.655486 0.652118 0.452725 
0.548584 0.408809 0.746018 0.732752 0.687561 0.242255 
0.499259 0.419902 0.197896 0.684499 0.69894 0.521586 
0.74453 0.522406 0.269024 0.508708 0.0487032 0.259985 
0.318345 0.455257 0.17048 0.713564 0.340679 0.538806 
0.10871 0.730799 0.984619 0.729566 0.234742 0.378972 
0.492893 0.466939 0.987266 0.342227 0.0680467 0.174241 
0.925362 0.782815 0.0409581 0.394872 0.946374 0.125084 
0.00690297 0.407577 0.352685 0.700434 0.103556 0.379206 
0.129614 0.554185 0.670904 0.0432632 0.465293 0.363168 
0.415266 0.156727 0.813741 0.292287 0.697664 0.758099 
0.748134 0.902722 0.665594 0.146193 0.704851 0.764491 
0.514023 0.0963657 0.805869 0.674074 0.569582 0.0520233 
0.621159 0.968575 0.743348 0.77579 0.976162 0.544683 
0.73269 0.29484 0.804655 0.825987 0.294564 0.459099 
0.0886084 0.329072 0.796965 0.600931 0.0316537 0.0876894 
0.0287587 0.0249195 0.842998 0.0252322 0.914652 0.63397 
0.416822 0.758859 0.978068 0.566283 0.530581 0.0728096 
0.947302 0.370568 0.378151 0.711579 0.848517 0.487871 
0.0457832 0.855699 0.988848 0.749121 0.950679 0.685239 
0.275925 0.415345 0.64587 0.983962 0.70529 0.119212 
0.672529 0.53587 0.743169 0.148026 0.416741 0.277379 
0.194451 0.414352 0.509696 0.0923126 0.973979 0.572671 
0.919966 0.398067 0.1487 0.705826 0.478792 0.842314 
0.494555 0.321436 0.431621 0.244847 0.0826304 0.298546 
0.742669 0.313341 0.236348 0.272998 0.119567 0.0193031 
0.136416 0.881542 0.1189 0.222591 0.0805979 0.706123 
0.745223 0.450551 0.0369459 0.0308236 0.514296 0.859681 
0.548881 0.216343 0.085339 0.619996 0.416543 0.297966 
0.310075 0.257035 0.466776 0.41754 0.51801 0.768077 
0.71452 0.603577 0.387496 0.288874 0.104313 0.912222 
0.216169 0.0888034 0.643191 0.938468 0.182145 0.546696 
0.839832 0.59079 0.689111 0.526472 0.218072 0.114781 
0.215225 0.481727 0.704132 0.587453 0.717001 0.124552 
0.397763 0.647061 0.992347 0.346918 0.335203 0.106104 
0.152797 0.508909 0.86267 0.995326 0.606512 0.328893 
0.579455 0.13041 0.216736 0.617452 0.76905 0.909988 
0.0756377 0.00767429 0.126008 0.265804 0.572504 0.336036 
0.430814 0.485973 0.936351 0.189945 0.349696 0.214888 
0.431013 0.146879 0.0916354 0.798568 0.197687 0.579391 
0.168462 0.233233 0.257294 0.101139 0.370479 0.323342 
0.951751 0.940624 0.694332 0.61235 0.46398 0.762379 
0.515695 0.615566 0.709521 0.18322 0.732702 0.306173 
0.807861 0.323242 0.161009 0.726887 0.136945 0.186626 
0.168703 0.203324 0.564642 0.132839 0.169916 0.73797 
0.701178 0.268851 0.614151 0.145816 0.226084 0.636755 
0.949259 0.78779 0.221963 0.918207 0.693365 0.312907 
0.533002 0.185581 0.27689 0.396655 0.724481 0.0651951 
0.246358 0.661455 0.449559 0.78816 0.00593535 0.855318 
0.687006 0.116081 0.201734 0.0801645 0.437524 0.540831 
0.743264 0.62032 0.838368 0.0658367 0.692355 0.0841278 
0.867789 0.400133 0.567694 0.0142338 0.42265 0.00267083 
0.270776 0.726605 0.207613 0.352075 0.990321 0.325227 
0.517973 0.829986 0.432 0.864349 0.158424 0.133011 
0.200358 0.40516 0.829444 0.875093 0.708635 0.0827252 
0.996035 0.962283 0.0672491 0.852968 0.460863 0.472493 
0.11103 0.635286 0.501691 0.537937 0.183873 0.516202 
0.847747 0.533111 0.39725 0.234757 0.467072 0.490934 
0.508987 0.289094 0.843876 0.700796 0.00976976 0.75267 
0.934556 0.218042 0.911461 0.160532 0.655453 0.53485 
0.287748 0.987493 0.545823 0.780545 0.181805 0.890625 
0.12702 0.641733 0.940827 0.24607 0.716728 0.777403 
0.620599 0.112135 0.993517 0.535187 0.0168277 0.673065 
0.133845 0.0977673 0.835061 0.466122 0.514858 0.618274 
0.123593 0.971731 0.974078 0.728841 0.00164321 0.890675 
0.863576 0.76147 0.621702 0.0994015 0.158849 0.577029 
0.265133 0.0284799 0.0135393 0.0161511 0.293826 0.612409 
0.115645 0.218481 0.667926 0.734998 0.823096 0.797174 
0.391694 0.20033 0.67619 0.818256 0.47291 0.802571 
0.309883 0.437069 0.449017 0.904769 0.794784 0.696488 
0.724356 0.68497 0.337938 0.565399 0.293827 0.695117 
0.455917 0.208115 0.685791 0.946704 0.463268 0.742691 
0.6674 0.418936 0.305737 0.169703 0.352109 0.559541 
0.657474 0.689514 0.133542 0.915323 0.66714 0.209435 
0.929948 0.122527 0.176936 0.397263 0.113333 0.848567 
0.252924 0.857063 0.931737 0.86235 0.652519 0.221237 
0.497451 0.11816 0.0273629 0.584196 0.862007 0.331499 
0.173786 0.135537 0.205634 0.615548 0.940645 0.199228 
0.455723 0.0601001 0.0412995 0.671252 0.711228 0.996397 
0.889174 0.275781 0.655319 0.129186 0.765977 0.388343 
0.561824 0.242299 0.465071 0.172026 0.336146 0.805804 
0.206494 0.116674 0.676755 0.627214 0.268805 0.576953 
0.929208 0.908186 0.416761 0.235289 0.898284 0.000545366 
0.453651 0.981754 0.335456 0.596131 0.605475 0.275393 
0.645826 0.326927 0.846254 0.289103 0.163672 0.657348 
0.541802 0.00148074 0.882543 0.667148 0.777196 0.437446 
0.486779 0.8643 0.505954 0.986479 0.162104 0.024238 
0.763899 0.722562 0.269624 0.405375 0.624841 0.820672 
0.556023 0.214536 0.204268 0.190832 0.335671 0.838788 
0.004439 0.694579 0.608785 0.608 0.540114 0.75282 
0.217016 0.14316 0.676604 0.407317 0.195486 0.993846 
0.808054 0.63495 0.444879 0.165375 0.106533 0.400247 
0.468619 0.162503 0.562362 0.32279 0.127881 0.844154 
0.0280852 0.769713 0.863479 0.137678 0.191314 0.310951 
0.838441 0.344452 0.489821 0.617216 0.378229 0.924288 
0.24474 0.563374 0.142162 0.990532 0.640391 0.0115931 
0.588208 0.98522 0.252641 0.67823 0.443437 0.0620786 
0.266283 0.374578 0.26716 0.283687 0.363336 0.955402 
0.12772 0.449042 0.37382 0.499753 0.909737 0.812526 
0.394151 0.141207 0.419545 0.715079 0.84978 0.32952 
0.0110203 0.875778 0.668492 0.0902527 0.942064 0.25499 
0.618712 0.355128 0.874658 0.782189 0.115211 0.0572699 
0.536293 0.726913 0.310951 0.731928 0.0265217 0.143677 
0.188603 0.150255 0.599718 0.190325 0.975956 0.453966 
0.283609 0.395809 0.375768 0.688583 0.748572 0.227569 
0.499624 0.537548 0.167435 0.612297 0.883327 0.894036 
0.489983 0.0976329 0.168761 0.353174 0.510397 0.955554 
0.0968675 0.237058 0.928851 0.139708 0.850145 0.587744 
0.458746 0.936594 0.386952 0.496198 0.0282703 0.167346 
0.0356837 0.59455 0.985712 0.226771 0.579221 0.734179 
0.232194 0.531526 0.8545 0.0563136 0.751592 0.349274 
0.130356 0.888742 0.0139401 0.614211 0.440031 0.140592 
0.388201 0.410283 0.023764 0.0594272 0.0912114 0.0956358 
0.582902 0.366994 0.123829 0.55978 0.412818 0.319836 
0.65672 0.039352 0.669734 0.551067 0.0743363 0.6634 
0.0462331 0.858263 0.730638 0.483339 0.165604 0.781883 
0.360254 0.730985 0.0969354 0.578107 0.576736 0.608034 
0.00472959 0.746665 0.88521 0.584881 0.20484 0.899446 
0.693343 0.315581 0.607051 0.337251 0.024334 0.516632 
0.815605 0.107743 0.110598 0.936789 0.59803 0.870594 
0.785688 0.0236935 0.31441 0.108097 0.78301 0.306434 
0.356359 0.324827 0.727722 0.35286 0.345618 0.354074 
0.0380178 0.784551 0.892226 0.863853 0.789552 0.854689 
0.005939 0.716964 0.128089 0.0992241 0.46452 0.26839 
0.103632 0.482461 0.00367868 0.951006 0.680984 0.303584 
0.523165 0.624958 0.630696 0.630821 0.913731 0.993628 
0.79428 0.991649 0.429938 0.973198 0.257292 0.99134 
0.440088 0.481413 0.501816 0.274893 0.348929 0.796666 
0.801059 0.0789367 0.461518 0.70044 0.903142 0.846595 
0.230649 0.670018 0.857965 0.470463 0.160282 0.341416 
0.885058 0.204259 0.164862 0.375724 0.145881 0.0639411 
0.141359 0.435083 0.295349 0.601528 0.951466 0.29351 
0.509346 0.0796266 0.878493 0.998736 0.908319 0.0344178 
0.168221 0.699984 0.750861 0.0741912 0.0924375 0.71788 
0.839375 0.245127 0.891215 0.20364 0.322266 0.319517 
0.245598 0.395203 0.237981 0.130256 0.043445 0.743241 
0.299107 0.652975 0.303667 0.908176 0.86639 0.950398 
0.0356564 0.296325 0.96013 0.247819 0.99703 0.318241 
0.758043 0.294701 0.655869 0.873318 0.194893 0.287375 
0.177837 0.120016 0.477479 0.534661 0.775123 0.292908 
0.908442 0.948112 0.889611 0.769702 0.659079 0.048722 
0.782804 0.73092 0.742814 0.544777 0.592309 0.582537 
0.0420471 0.457014 0.468086 0.0715369 0.3101 0.303851 
0.85908 0.931806 0.0252836 0.111137 0.247323 0.242584 
0.683506 0.820805 0.425119 0.249237 0.360537 0.149619 
0.871473 0.649597 0.0221855 0.41583 0.59644 0.782638 
0.445852 0.894284 0.923074 0.104206 0.924684 0.363098 
0.604214 0.77099 0.796729 0.12027 0.665673 0.195897 
0.278162 0.00345109 0.120126 0.346306 0.439184 0.750525 
0.341452 0.917681 0.580945 0.0036386 0.520513 0.784377 
0.202028 0.454013 0.587011 0.672307 0.490686 0.672588 
0.295268 0.680263 0.162706 0.80429 0.30938 0.643423 
0.999017 0.621841 0.498751 0.458459 0.67821 0.16946 
0.955278 0.164005 0.914703 0.448355 0.224584 0.364151 
0.491247 0.458301 0.92859 0.177828 0.617069 0.209542 
0.35849 0.143802 0.51512 0.28805 0.401231 0.32704 
0.584203 0.0829519 0.356725 0.620746 0.356398 0.85958 
0.554497 0.794516 0.912969 0.55589 0.555338 0.662838 
0.367751 0.827828 0.795593 0.318415 0.413143 0.319584 
0.581797 0.859331 0.530972 0.0603766 0.282939 0.886695 
0.499866 0.523968 0.00419972 0.765999 0.441444 0.707799 
0.364651 0.918462 0.28415 0.676439 0.227355 0.563463 
0.175419 0.160464 0.197818 0.324798 0.0694791 0.45818 
0.686474 0.952981 0.731541 0.775319 0.0756524 0.154864 
0.425026 0.967541 0.230046 0.349926 0.274591 0.584372 
0.635758 0.367949 0.829137 0.678099 0.989445 0.300034 
0.737736 0.708256 0.271563 0.935915 0.759432 0.484073 
0.940564 0.88213 0.127951 0.397698 0.965235 0.740517 
0.763056 0.644529 0.259934 0.826814 0.682238 0.989288 
0.641099 0.412722 0.894119 0.96571 0.474175 0.902416 
0.540173 0.829849 0.128373 0.353476 0.783213 0.850352 
0.604261 0.240496 0.570238 0.54095 0.41268 0.748441 
0.514662 0.187569 0.419924 0.640574 0.0843059 0.27627 
0.0385125 0.424505 0.882685 0.92051 0.599777 0.150581 
0.386784 0.887774 0.266893 0.821615 0.128189 0.707001 
0.305234 0.208202 0.895442 0.264737 0.646702 0.647166 
0.786158 0.766263 0.471926 0.671001 0.726646 0.0747618 
0.111235 0.0700639 0.167178 0.0482871 0.170172 0.778613 
0.314089 0.704293 0.117231 0.972506 0.972574 0.436652 
0.870245 0.833282 0.923755 0.0265841 0.158114 0.77967 
0.288652 0.447142 0.524178 0.138838 0.21272 0.6147 
0.306113 0.620847 0.543131 0.0822 0.421748 0.71138 
0.177194 0.680117 0.870115 0.697954 0.360673 0.183412 
0.301762 0.568759 0.155875 0.950228 0.425354 0.0239099 
0.661484 0.907102 0.678978 0.382633 0.275717 0.0740946 
0.31834 0.973303 0.677354 0.808165 0.943906 0.762778 
0.641313 0.697795 0.65641 0.759335 0.67053 0.505378 
0.56809 0.248833 0.617423 0.218195 0.0880666 0.115696 
0.511062 0.94674 0.339859 0.866602 0.604213 0.74684 
0.410838 0.600513 0.891289 0.388413 0.842033 0.0795506 
0.567593 0.0191615 0.184356 0.503808 0.479398 0.282967 
0.0690232 0.779747 0.0794699 0.938934 0.063944 0.0179567 
0.77265 0.747509 0.168449 0.373957 0.0779347 0.68357 
0.572324 0.568756 0.0863971 0.465272 0.0885026 0.491998 
0.727955 0.626593 0.891047 0.1351 0.128911 0.802335 
0.518192 0.790238 0.243038 0.611311 0.080179 0.814256 
0.943487 0.285856 0.642362 0.0241402 0.93925 0.81844 
0.0620457 0.489231 0.99846 0.741911 0.711005 0.134709 
0.53821 0.230409 0.664987 0.635532 0.298832 0.779517 
0.222031 0.360732 0.537062 0.925478 0.14314 0.336248 
0.48966 0.225577 0.274787 0.176676 0.0609161 0.992779 
0.621085 0.00830845 0.205102 0.654713 0.0456094 0.856379 
0.277687 0.0751914 0.792212 0.749737 0.0860968 0.981841 
0.415477 0.435041 0.412747 0.0677801 0.102779 0.168747 
0.479133 0.372917 0.0955345 0.743173 0.565009 0.200435 
